865064009
1129659075
327627448
38909667
174013077
763004679
1114363492
646047119
317473456
313370817
273971005
879067654
2239533611
254719421
305777856
404513365
928908349
915237953
937362047
3281777068
247393250
1213139902
252361252
562797555
1148166524
83662919
764549069
191146166
615705226
100293424
285905029
284483309
441700536
2774723
2456392008
543485532
249257
542054221
307413668
846371245
1774058450
1415713040
1695770591
357816468
1653668931
1805515759
1223046887
1296863832
794503131
1024958274
1078612093
66001202
372381335
1324176748
408751326
1012627596
702025389
160396018
2579732583
249401741
16150181
374211067
514459391
418573149
863940079
1003618597
175529938
977493132
1347808093
1393016271
513514871
2805248303
1246823892
1353078283
502565331
176508807
348234839
583264554
747456930
252556558
275130795
1772477506
417254009
1668511841
463732951
649567488
171099243
673407068
95296596
1297794214
512531813
625610924
1248522833
366293082
43255185
1207159443
1518276210
397609337
349309092
1797885061
2293752089
842720237
643241269
174095651
85579749
381939424
515205709
592502376
67787579
345688013
8386111
2107287430
182111643
1591065261
453291661
3338935918
61916210
472715524
474693889
543112597
823960520
763199164
1092465435
1019248328
375903966
403391741
1503067029
659183065
1349124522
324845898
36424946
2433401540
707206966
448070913
309837244
1427958738
762986346
253866039
182135260
1148941718
380520085
229360025
331426114
904749721
875396007
707197341
306840515
648481118
396150195
745037415
1663427914
16404423
123488910
450614029
314223090
569136399
35740589
2460803925
377572461
1670829014
489462006
479530697
1561520336
972570446
1204662363
1332090333
2737548064
847637319
421019587
116077014
894378979
120184546
122792025
395349745
994120523
261071751
3092000756
414230672
