账号
764109809
403113571
635378368
1078779490
1483394146
928240783
827930500
752918680
710015631
549848270
779687783
591764086
951806837
724143912
45604516
1078253004
362838525
838759046
907652180
927238034
164810174
1239914999
891802456
568418233
245841728
930456896
3552662073
24974839
414501751
505080259
1173530058
313613794
909623773
93525237
87111700
715541948
838954482
316888770
365226847
464583926
1041912022
416392589
1046136797
2334302459
470624765
458971976
1741657
1340169635
419664054
188349559
354190078
1316117499
763879989
865116443
295037325
770669217
940931790
2238312122
526597373
736336477
871804295
734847475
1679321973
1032389831
75719541
1101168005
313428909
2418324997
404672093
678036
573830302
1824103107
2976435425
1060557010
1137500680
1822969838
3685716
646283059
64579147
446941940
1390678716
516618504
937054372
854175647
731890313
593664243
2524513531
1174069648
277028508
295220568
763211690

