331426114
6564912
1084012418
281814825
2290617963
359472775
405359257
1169519690
7465457
35198894
478415688
170886
526919969
403688631
2758618193
1074302547
515393436
1772429411
619549650
360217853
164651693
316614136
3281777068
41619204
2604263730
584473765
1120615325
339074959
1542830285
308432441
389140811
1083522110
1060264104
654668308
2207865466
285402751
2891603165
434615868
184361489
1639688997
249401741
395349745
984391325
1522153356
870634335
86421898
853983427
282168358
542035984
675636624
398955699
953973249
1574382975
379938390
492703489
529005073
285170264
975146347
2390064200
2851318796
294718990
1310553373
289023284
793561573
2918428969
314317300
365570342
3128127282
295286346
1822368162
879392156
244230287
1083266869
1047996491
290117276
32712760
190630740
840368315
1614431384
