账号
115722680
1002889615
729680017
383637401
2305655578
732158989
461968550
305808747
422524090
893861548
1551846561
2183423700
2064310248
625022019
1722558533
133630029
240582948
1779089024
3459596802
553613671
476152875
343947082
422368876
446354933
376523259
415747298
1017891302
836675011
571340590
644541414
28756035
514245252
190665516
1015241321
947177761
909650342
119629299
85091346
260000890
766113322
1091653717
350966882
1157842970
562662210
330682881
122178758
22167484
2039310374
307511553
445304116
815701346
414230672
492905907
253421684
807175019
1099181218
578998107
1909858094
3014316808
645719371
939888237
2573390725
342970480
168810087
418447280
1229165811
727523085
229758973
137977046
2435987714
93346467
1050745550
644064822
396557559
438319813
1027839952
450548235
578236834
35384703
499656458
15279261
1135074475
290385341
908899499
963899636
907191402
1329341027
1304731992

