893861548
446354933
331426114
6564912
732158989
1084012418
281814825
2290617963
1551846561
359472775
376523259
405359257
1779089024
1169519690
240582948
3459596802
7465457
415747298
35198894
478415688
170886
526919969
403688631
2758618193
1074302547
515393436
1772429411
2305655578
619549650
625022019
360217853
28756035
164651693
571340590
947177761
1015241321
514245252
2064310248
316614136
3281777068
119629299
2183423700
85091346
644541414
41619204
2604263730
766113322
584473765
1120615325
909650342
339074959
305808747
553613671
1091653717
1542830285
308432441
115722680
389140811
422368876
1083522110
22167484
307511553
383637401
2039310374
122178758
461968550
260000890
729680017
1002889615
445304116
330682881
1099181218
350966882
1060264104
578998107
815701346
654668308
1909858094
2207865466
492905907
285402751
414230672
2891603165
3014316808
434615868
184361489
836675011
342970480
1639688997
727523085
249401741
645719371
2573390725
395349745
562662210
984391325
229758973
1522153356
870634335
86421898
853983427
282168358
542035984
675636624
398955699
807175019
953973249
253421684
190665516
2435987714
1574382975
418447280
93346467
379938390
492703489
529005073
1017891302
285170264
644064822
1050745550
1027839952
975146347
137977046
2390064200
2851318796
438319813
294718990
1229165811
168810087
1310553373
450548235
578236834
396557559
289023284
1135074475
15279261
793561573
422524090
2918428969
314317300
365570342
3128127282
133630029
290385341
35384703
499656458
939888237
295286346
1822368162
908899499
963899636
1329341027
907191402
879392156
1304731992
244230287
1722558533
1083266869
1047996491
290117276
32712760
190630740
840368315
1614431384
