账号
85579749
1296863832
1003618597
441700536
1223046887
397609337
1503067029
792466904
1774058450
273971005
928908349
747456930
327627448
1129659075
1114363492
450614029
305777856
160396018
915237953
646047119
191146166
764549069
562797555
404513365
3281777068
1213139902
285905029
2774723
1012627596
370546956
2293752089
66001202
794503131
408751326
1078612093
374211067
182111643
863940079
1393016271
762986346
252556558
1427958738
1248522833
463732951
1207159443
95296596
673407068
707206966
43255185
366293082
345688013
174095651
1663427914
972570446
67787579
453291661
474693889
396150195
659183065
2737548064
1349124522
324845898
309837244
16404423
1561520336
331426114
1332090333
489462006
875396007
904749721
648481118
2460803925
377572461
569136399
479530697
395349745
994120523
381939424

