账号
769566778
1059499474
1976155476
2091243440
1043993821
514922583
249117247
472790155
625101187
625101187
836625606
2027698198
2893912153
564626973
1348325204
1521819421
840286924
2741036669
2843878892
372863103
394262339
1446275287
445664757
449658941
645714090
528366954
178971251
1073275812
541284009
81600073
7034217
727955752
185572704
704581316
769557116
1950314308
27931476
549455247
445670321
375659391
272365712
2592532641
2252417682
190962017
1270307631
963741250
719256261
925931031
165664621
1972516271
676041117
674491370
1347555030
617389964
380666241
380666241
423588651
389538077
418690083
749874301
234766373
E_bftp3ul
56604125
331592473
932092351
181020100
5036304
470081596
349651531
1441681040
254514715
317305592
601711835
1921313585
1196446854
965688605
1539048878
1019718508
568261864
1748842012
52446867
851575676
1503384954
441427614
907254450
544334666
330311384
408847194
1446713272
22378187
1269587419
250515637
690033892
244653100
1987463004
506342699
1161036623
2119320081
252809149
807612645

