1304731992
657212488
76977521
24974839
2550592197
295220568
2218166455
827787590
1295193659
807290946
984032641
372941462
974020212
411900487
342583661
1811655785
706570095
327707506
826246746
285170264
1047996491
2856001334
69210315
1119101413
929135087
594398316
122792025
1059941876
1967439002
421941038
1023161350
928240783
254335484
351647173
1534566821
154632988
136919934
744697018
706636909
1095181431
172560931
1592164246
853406440
1803397969
1416823183
2681419151
1126822844
984730514
934232032
1224307706
1259106646
1595151375
317948054
419689809
479958867
719171457
1020372814
1063436515
1650416868
774669280
3480556368
425060317
352269814
332510997
843557359
1298131011
1055065718
474350929
771221149
524543674
94478161
1607764150
