账号
836661999
383300757
287337447
278180741
540944739
229612946
466271523
1007591749
1007591749
765981032
282864784
994914146
1051478147
364139979
416988937
1390975990
532886580
75441874
3502412387
410423394
965236293
29782599
1508117167
157347978
1273907426
573345441
9588715
2207862594
175724483
2892130198
212585887
840368315
1348785879
2567245297
2579480315
312446291
804278840
843557359
2941726383
362279831
408137624
1842294439
809729221
879260740
632250808
940091416
494075154
529660314
2494651859
395901246
2833876332
421405406
1371249550
E_bftpa4j
1114800763
751997616
421116756
360888376
1923093727
471052467
645078715
1357545848
869640865
2633981835
629443148
524622100
103143246
276726717
252477664
1649081894
512443314
407426673
1476016842
1476016842
372287036
1143810829
371848235
1079943004
402336221
105317575
948898830
646187044
3281999825
474350929
651862855
351146039
524543674
573238376

