账号
514707238
240237408
499014132
1299729457
735171884
397737778
1941662546
1941662546
1941662546
1941662546
1941662546
1941662546
1941662546
1941662546
577452083
2501100889
nsdpythontedu.cn
643352847
nsdvip4tedu.cn
540046111
364625257
qiaomntedu.cn
593488712
383244905
275416006
nsdv02tedu.cn
706470702
26759405
1065492756
453005813
1434841346
624304917
1245047618
626150093
414785814
1063589962
3522466813
nsdpythonvip1tedu.cn
136449017
598688512
411250126
419726210
2604263730
185752522
66750006
452464501
qdsdlnsdtedu.cn
85579749
cj6320163.com
89737211
493113631
1296863832
1003618597
441700536
pythonviptedu.cn
1903429261
1223046887
260338295
3129660460
115722680
2120017378
374022717
170250452
1988874
122792025
438394878
148420432
387891275
360760950
397609337
1002889615
53397949
675739578
156104718
897155411
972746684
1503067029
172145411
1028334703
972258222
973761990
729680017
481002304
459029964
100486719
714152410
764109809
734551150
469291424
2856694798
870859460
3068578331
792466904
285170264
1510952659
1747792280
353593518
1003239249
354680637
1518276210
157797153
2251937415
240350145
369726596
877220287
248799727
1149080355
734465099
383637401
1132476145
286518646
495985526
412356846
1774058450
615119114
2247968857
nsdvip01tedu.cn
411032901
411032901
1623322608
591632568
809390918
532565819
953973249
3315350338
121011614
2305655578
273971005
403113571
414296471
635378368
188165560
1341790758
848678354
807290946
732158989
271898804
928908349
1316132384
1829705385
3208063807
29460073
774543860
392645353
324709039
419087526
939998794
393956994
941546861
747456930
shcslpythontedu.cn
676722115
568512580
370801262
461968550
465130613
305808747
1466126924
723506948
735144828
894378979
631222701
2717769882
2795593924
327627448
574892374
493950569
1038138414
1129659075
1607764150
2239533611
413270118
343250255
332589338
422524090
1114363492
450614029
61121934
982378233
912703533
1181142885
305777856
160396018
316671424
1021542480
2746496242
390740661
452490860
915237953
646047119
893861548
191146166
3338935918
107928561
764549069
1551846561
546820659
562797555
404513365
3281777068
178618290
475742204
114767176
1213139902
651632351
1148166524
285905029
2645146420
292445791
1078779490
2774723
958098898
410239225
1513855573
345563447
526541880
523152844
940183039
731854668
qdsdlpythontedu.cn
527510029
2658226797
2183423700
1012627596
370546956
2293752089
2654707055
66001202
854659143
386683749
794503131
1920544896
511420712
408751326
1078612093
374211067
1098226586
690041187
0mengsmall.com
1219242219
969810996
598729035
182111643
863940079
1393016271
17688089948139.com
762986346
584313115
407295836
252556558
1366505709
243281126
1477453402
514676199
1074532902
364073861
1696188269
3115687818
2136115419
824715273
36495972
1427958738
1248522833
463732951
1207159443
95296596
673407068
597932066
cutetian1314520
1358242955
2064310248
1483394146
524994479
707206966
43255185
1341817363
366293082
3358482779
345688013
nsdvipctedu.cn
174095651
625022019
1663427914
263849789
972570446
928240783
67787579
632778825
1722558533
133630029
807859394
42828413
453291661
2770705221
963562910
474693889
396150195
659183065
793773637
526170437
836661999
352437413
49058645
2737548064
1349124522
1041535823
324845898
309837244
906065217
413226148
2961397556
1115328342
16404423
1245709708
429852324
1561520336
331426114
1332090333
489462006
1059111472
875396007
904749721
13826015402139.com
414305986
1065312525
648481118
623437678
1508231435
240582948
373971361
373971361
1779089024
2460803925
1503068926
377572461
827930500
569136399
973376409
3459596802
479530697
1339267348
553613671
476152875
120344101
602446680
907963903
593604346
343947082
422368876
446354933
1299785499
376523259
752918680
843434527
185486497
415747298
383300757
pythonvip2tedu.cn
625628896
1054153966
13828447722126.com
1017891302
371599873
327400280
1269338652
1377538724
562100586
3409845920
836675011
549468650
769566778
571340590
644541414
1076506180
28756035
2464244756
553505989
514245252
125646586
2838963149
190665516
2894562551
532658150
641848706
1015241321
947177761
371026697
1548166315
1595551057
645939756
981562975
909650342
3142227536
119629299
85091346
710015631
260000890
549848270
353083447
41619204
766113322
chenxpnsdtedu.cn
513996416
xastnsdtedu.cn
1091653717
1059499474
lihuang-hjhotmail.com
350966882
302903773
1157842970
562662210
1091583937
330682881
122178758
779687783
E_bftolrn
22167484
2205279629
2039310374
735512202
307511553
452254067
591764086
2594173506
445304116
815701346
379405432
358840131
287337447
414230672
951806837
534054799
492905907
165647442
xjnznsdtedu.cn
253421684
807175019
1099181218
904264162
wuwangchuxinzgf163.com
a635955634163.com
neejiamingsina.com
15622336852163.com
jie1658942401163.com
moyuanboyeah.net
rowangao163.com
13177803367163.com
2847788326
169716420
364042318
578998107
3232678024
2025126891
1909858094
3014316808
zssasjj163.com
645719371
939888237
1273265673
1562775254
2573390725
2902942
342970480
395349745
yue9011sina.com
168810087
183236482
307929346
307929346
chen_li_1987126.com
418447280
1976155476
302849924
1229165811
245978563
727523085
724143912
770681482
2770498308
229758973
461230252
137977046
758333792
2435987714
93346467
45604516
595286216
1021734120
157582901
1050745550
2030299503
1013912499
pangljnsdtedu.cn
644064822
595803645
2091243440
105526861
1078253004
773529234
994120523
396557559
438319813
1027839952
1043993821
362838525
120266624
792121513
262413693
2854748520
450548235
543114566
838759046
578236834
2003kid163.com
3408374645
907652180
35384703
499656458
1580360026
15279261
1135074475
927238034
290385341
2303016917
3047529208
951806837--
1213652770
1305883138
164810174
1578280601
729633579
1103751119
344189497
1239914999
891802456
568418233
706542419
245841728
514922583
ljch12099163.com
249117247
867262945
930456896
3552662073
24974839
414501751
lipfnsdtedu.cn
zhangxdnsdtedu.cn
2547018134
240233881
408978395
405984971
151456229
382784151
505080259
1173530058
313613794
1576143163
350657899
909623773
895762296
641236035
93525237
1252241033
87111700
934642934
934049863
754701308
834162853
715541948
838954482
846287974
472790155
398316093
E_bftoqtn
316888770
365226847
1726934015
386573157
464583926
519269545
1941760432
1041912022
542536832
416392589
908899499
124168424
1046136797
1931183565
506749647
2334302459
470624765
865306053
458971976
625101187
625101187
1741657
963899636
1687916570
1454459120
20572662
1340169635
419664054
188349559
2913603450
26282728
1078650
354190078
1316117499
2420800264
liaomaohuayll163.com
sjzzslnsdtedu.cn
763879989
njztfnsdtedu.cn
728577221
1983723175
865116443
214920542
280369170
295037325
350157694
770669217
1178168931
836625606
864498402
E_bftov5k
940931790
2238312122
453930472
526597373
1774076680
53404920
361076755
736336477
158496099
2027698198
871804295
732489313
641564402
381939424
734847475
382947160
1624830588
1522099766
2893912153
894599489
185950927
369543115
754768287
70016802
1679321973
2451618
278180741
844458830
17615411
1032389831
251421393
75719541
1101168005
313428909
664567654
836733765
14793540
E_bftouhn
452565094
2418324997
1473629902
540944739
334754059
379726851
564626973
404672093
234713569
1348325204
992372048
678036
1521819421
573830302
253876570
1824103107
2976435425
1060557010
83256318
907191402
1137500680
342394891
2759046928
345812439
1343998513
1822969838
1540271993
E_bftogas
444512466
3685716
garylin1404475gmail.com
646283059
360746874
64579147
1329341027
446941940
1390678716
229612946
516618504
937054372
cz0090704163.com
3149341442
854175647
411387267
731890313
156157151
719171457
77453790
295026142
593664243
840286924
3334201733
2741036669
1278582074
2524513531
2843878892
418091138
372863103
50723592
1174069648
865308527
1304731992
2312910906
308187843
277028508
1524074459
453125300
394262339
1446275287
87306636
405800310
405800310
985658362
445664757
383960051
295220568
447523201
416462583
449658941
645714090
466271523
183264756
475570597
779620626
1052232672
E_bftp1ga
528366954
657212488
872799265
492437641
178971251
911392385
337988816
1259549884
527600477
1073275812
541284009
290780049
1547215295
279325306
278049014
81600073
7034217
690006784
727955752
3455382944
563990647
2953944908
185572704
704581316
243693898
389634070
769557116
728661182
244249009
372659692
1950314308
1058151956
27931476
1127052668
549455247
437536571
1015148922
E_bftp2mf
445670321
375659391
niubennsdtedu.cn
272365712
369422
565978101
475420745
2592532641
2252417682
E_bftp3is
190962017
1279904541
584480134
1270307631
963741250
1803397969
1154507600
191542798
719256261
741475130
385899704
szlgpythontedu.cn
332835190
925931031
165664621
86542021
763211690
759731807
532127772
2553188313
15205414
24887519
415104436
1029069004
549536774
575543575
963806497
283168755
19961269
940183039
191271347
2922584916
735171884
cssgynsdtedu.cn
984730514
liucjnsdtedu.cn
1450821191
445847996
1972516271
676041117
10700265
674491370
1007591749
1007591749
2301382059
422484908
1347555030
742833098
617389964
1099881088
1003390299
864104581
380666241
380666241
1031251067
423588651
389538077
827541635
418690083
749874301
234766373
E_bftp3ul
827354923
56604125
sam87874877gmail.com
848547609
1393141169
544625683
331592473
932092351
315052744
181020100
56299302
5036304
403805083
42477806
674000724
1073322761
765981032
30471170
325006454
261599102
1161671154
2472274817
tjtdnsdtedu.cn
282864784
470081596
475183913
411250126
453759500
18706751690
349651531
3245732253
373645990
1441681040
653617369
254514715
479842544
317305592
601711835
734551150
404425439
1921313585
1196446854
E_bftp68r
965688605
3071067573
285771950
3092000756
1925747684
594363358
1539048878
1602478902
E_bftp6eh
webvipbtedu.cn
webvipbtedu.cn
webvipbtedu.cn
webvipbtedu.cn
1943395872
1019718508
568261864
498251176
172398871
1748842012
52446867
2278108476
853406440
851575676
467855089
3454366
1298131011
1091372817
1647732265
419215418
1503384954
994914146
ludw1chinaunicom.cn
21367868
975603673
748986425
441427614
2647393055
1051478147
582889408
907254450
544334666
330311384
364139979
45288907
172560931
408847194
3480556368
1446713272
2438808558
329406689
939586207
610946498
1158117920
22378187
258820459
2501100889
1414801300
2889699967
18605819908
1269587419
317210777
416988937
250515637
690033892
244653100
1390975990
850911613
1132808592
1987463004
506342699
1161036623
122389057
403731626
2119320081
252809149
961049969
1214649622
1606535061
1207081802
1614431384
385930806
18163200276
379688572
304662364
1272705331
479958867
827355825
532886580
75441874
744697018
136919934
50235209
3051231243
1095181431
857290041
1056241810
86246694
727764995
673942861
1979164647
3502412387
1526070126
809252634
810751091
642296934
157015008
359145335
444562896
2863576770
2310372989
934232032
286912910
24556735
2431085710
879489981
3087361083
290117276
343412578
2829535103
1074121382
774669280
leejianglove163.com
419689809
410423394
1301262341
1416823183
392543800
1259106646
1595151375
87403482
83294327
3372181929
723072
291782915
415772130
411032901
411032901
601458263
1020372814
965236293
29782599
853367524
273957598
1508117167
137683530
270636743
971723500
490125913
157347978
1532858639
2645890322
940420948
274881504
542487305
1273907426
562660263
zhnizhuhn.cn
573345441
41716211
525613324
489364596
513685804
117827546
453595095
9588715
380723953
68512718
298001473
2207862594
436079843
318428088
35985849
175724483
2892130198
212585887
2323577718
1228167244
840368315
1348785879
2567245297
nsdvipsttedu.cn
329406689
745056344
642402814
2579480315
1289948619
674679819
752553989
632747831
446483187
459119991
879235607
892383613
664827034
446984863
704461205
312446291
718089537
747469681
330686223
804278840
843557359
892070175
2941726383
958153855
2584126632
1265548292
362279831
352269814
12744604
895208017
714864569
496020667
1009888475
408137624
741950279
1072034689
1842294439
332510997
handtnsdtedu.cn
1297296866
591809533
82742764
582661994
809729221
534145662
879260740
632250808
940091416
1049743534
249545233
494075154
529660314
957646167
303611216
2494651859
32712760
32593059
376818006
396867091
786113736
395901246
1195868672
1287171161
1456602765
540719009
13917815157
114220993
751261649
285654974
2833876332
421405406
2642593849
598637689
624684960
21162543
339246015
1371249550
506507488
274133475
122970335
279450372
578879300
865589393
gds-0-0-wang
1003239249
2432786617
1965276223
527628462
375146775
514892844
347957421
452710375
1342770593
1179654435
76120872
2868821582
liziyannsdtedu.cn
283208512
852450106
1132655503
E_bftpa4j
1114800763
610524524
85351378
1247677498
751997616
2551298270
1456955727
896130461
394747056
536571577
421116756
709150755
499077575
2097967860
1305236704
360888376
1608329372
1923093727
524555846
471052467
645078715
452865117
564311854
346558574
365379682
437573736
553764925
594275094
2512466682
1357545848
869640865
2633981835
heng_tiancai
629443148
1048128170
22687702
524622100
925103647
910534095
15961513927
1029259431
103143246
1670806350
20639750
344949398
3137723443
1285194076
3301928105
179867382
1215736669
94686828
2950288909
3184159501
276726717
2920293071
914994787
252477664
1622966372
154332616
1649081894
396772482
512443314
1054153966
1510311581
1510311581
jxdxssxnsdtedu.cn
407426673
280753699
2957978502
1036342306
1036342306
2540325780
1822032892
1371572887
1476016842
1476016842
1053602102
372287036
1143810829
707811002
510132442
lijxnsdtedu.cn
lijxnsdtedu.cn
lijxnsdtedu.cn
lijxnsdtedu.cn
lijxnsdtedu.cn
lijxnsdtedu.cn
lijxnsdtedu.cn
lijxnsdtedu.cn
lijxnsdtedu.cn
lijxnsdtedu.cn
lijxnsdtedu.cn
lijxnsdtedu.cn
lijxnsdtedu.cn
lijxnsdtedu.cn
lijxnsdtedu.cn
lijxnsdtedu.cn
lijxnsdtedu.cn
lijxnsdtedu.cn
lijxnsdtedu.cn
lijxnsdtedu.cn
mahrnsdtedu.cn
mahrnsdtedu.cn
mahrnsdtedu.cn
mahrnsdtedu.cn
mahrnsdtedu.cn
mahrnsdtedu.cn
mahrnsdtedu.cn
mahrnsdtedu.cn
mahrnsdtedu.cn
mahrnsdtedu.cn
mahrnsdtedu.cn
mahrnsdtedu.cn
mahrnsdtedu.cn
mahrnsdtedu.cn
mahrnsdtedu.cn
mahrnsdtedu.cn
594996388
371848235
1328803253
1171234253
527901345
314790188
916290720
2509762116
532444398
1079943004
771221149
690828384
763436098
402336221
807612645
1994202614
234185407
105317575
605933306
635951309
634826182
705385986
873482142
1356410107
420685409
337530971
3492521311
364211891
394966257
49747899
1193970377
383956339
576143906
948898830
576542290
1774875698
954319364
120237548
289390831
102711278
865233529
646187044
87566710
401038519
565978614
1317873264
3408340879
3408340879
1055065718
1980964828
1457645941
3281999825
1778568243
970593694
1203364672
474350929
453296211
1712992818
253734837
371181601
874542324
736154010
1056863251
1611491041
1006389651
1507341971
314063569
1772426195
651862855
694862963
819848519
351146039
524543674
6539849
178039669
573238376
1213305
1213305
780596986
137446613
914983117
2205974732
995025545
181904579
765384716
13734444
309345664
602167283
1905131354
674144641
499604254
269095919
848259863
848259863
5720757
861191424
844674706
369268057
422051681
347905346
28343426
445950208
2133762076
775134688
386999066
82920946
670036597
22050609
2762628726
2500124137
514776161
413329537

