445664757
1304731992
449658941
657212488
76977521
514922583
1043993821
24974839
528366954
178971251
2550592197
7034217
2741036669
295220568
2218166455
727955752
827787590
185572704
769557116
372863103
1950314308
549455247
1059499474
249117247
1348325204
445670321
27931476
272365712
1295193659
375659391
704581316
807290946
2592532641
984032641
1976155476
372941462
2027698198
974020212
1073275812
190962017
1972516271
81600073
165664621
963741250
411900487
342583661
1811655785
719256261
840286924
1270307631
1347555030
617389964
706570095
327707506
826246746
423588651
285170264
1047996491
2856001334
925931031
69210315
380666241
1119101413
676041117
541284009
2091243440
836625606
674491370
331592473
56604125
929135087
594398316
932092351
181020100
122792025
564626973
749874301
1059941876
645714090
5036304
1967439002
470081596
2893912153
421941038
2843878892
472790155
349651531
1441681040
254514715
317305592
769566778
1196446854
625101187
1539048878
234766373
52446867
1023161350
928240783
1748842012
1019718508
394262339
2252417682
568261864
418690083
807612645
851575676
254335484
441427614
408847194
1503384954
389538077
965688605
1269587419
351647173
544334666
1534566821
601711835
1921313585
1521819421
1446713272
506342699
1987463004
2119320081
22378187
250515637
690033892
1446275287
154632988
252809149
1161036623
907254450
330311384
244653100
136919934
744697018
706636909
1095181431
172560931
1592164246
853406440
1803397969
1416823183
1126822844
984730514
934232032
1224307706
1259106646
1595151375
317948054
419689809
479958867
719171457
1020372814
1063436515
1650416868
774669280
3480556368
425060317
352269814
332510997
843557359
1298131011
1055065718
474350929
771221149
524543674
94478161
1607764150
449604571
844674706
373712226
490607213
718089537
547057827
365056697
530085402
48629233
894403177
1114194340
2472274817
291782915

