1390975990
175724483
1273907426
29782599
840368315
212585887
2567245297
2207862594
3502412387
573345441
528366954
804278840
843557359
278180741
836661999
2892130198
2941726383
1508117167
362279831
1348785879
364139979
2579480315
157347978
408137624
1415383294
9588715
809729221
75441874
383300757
632250808
1842294439
410423394
529660314
395901246
287337447
421405406
814257726
494075154
2833876332
2478480359
994914146
675757190
2494651859
416988937
1114800763
1058431715
879260740
1371249550
471052467
1923093727
1357545848
765981032
629443148
645078715
103143246
1051478147
751997616
869640865
421116756
2633981835
407426673
524622100
512443314
1143810829
282864784
965236293
1007591749
1947141287
940091416
349570411
466271523
1476016842
532886580
371848235
1079943004
540944739
402336221
105317575
276726717
312446291
360888376
646187044
372287036
66750006
3281999825
948898830
474350929
1649081894
362828847
252477664
651862855
524543674
229612946
573238376
351146039
5720757
178039669
339246015
1203364672
861191424
910534095
674144641
28343426
1611491041
514776161
1285194076
670036597
