2150364608
503788464
951806837
164810174
314317300
635378368
549848270
3552662073
1239914999
930456896
24974839
838759046
362838525
568418233
439978924
1078253004
737313439
744382606
505080259
927238034
3542167070
313613794
1173530058
544561989
15279261
445304116
763354260
1141301671
344960990
891802456
1332399073
624539317
715541948
827930500
414501751
752918680
838954482
1483394146
779687783
416392589
1041912022
519939559
764109809
921590780
1046136797
2560786293
978705564
245841728
119661891
464583926
45604516
724143912
419664054
503569823
354190078
93525237
316888770
908899499
87111700
2499515782
763879989
1187735407
1316117499
770669217
591764086
188349559
458971976
1741657
940931790
1340169635
3127906147
1247584070
365226847
2238312122
170985244
526597373
573421233
1217347023
2262318692
871804295
734847475
1679321973
736336477
710015631
1101168005
1032389831
845748102
572643240
75719541
2418324997
909623773
1353220837
313428909
678036
907652180
865116443
404672093
295037325
573830302
2976435425
1060557010
1824103107
181500944
2334302459
1137500680
857069830
282774837
446941940
290153106
3685716
675400933
57720013
1390678716
522004137
64579147
646283059
1822969838
2758609268
176261622
593664243
907191402
731890313
2524513531
1174069648
136285108
937054372
277028508
2661712992
812855273
854175647
19515964
470624765
763211690
1078779490
411900487
1476016842
996451917
741950279
1614747983
157570387
939888237
476564143
87306636
1506789010
1803446357
317253187
408160569
