1390975990
175724483
1273907426
29782599
840368315
212585887
2567245297
2207862594
3502412387
573345441
528366954
843557359
278180741
836661999
2892130198
1508117167
362279831
1348785879
364139979
2579480315
157347978
408137624
1415383294
9588715
809729221
75441874
383300757
632250808
410423394
529660314
395901246
287337447
421405406
814257726
494075154
2833876332
994914146
675757190
2494651859
416988937
1114800763
1058431715
879260740
1371249550
471052467
1923093727
1357545848
765981032
629443148
645078715
103143246
1051478147
751997616
869640865
421116756
2633981835
407426673
524622100
512443314
1143810829
282864784
965236293
1007591749
940091416
466271523
1476016842
532886580
371848235
1079943004
540944739
105317575
276726717
312446291
360888376
646187044
372287036
66750006
3281999825
474350929
1649081894
362828847
252477664
651862855
524543674
229612946
573238376
351146039
5720757
178039669
339246015
1203364672
861191424
910534095
674144641
28343426
1611491041
514776161
1285194076
670036597
413329537
285654974
404513365
280753699
2323577718
445950208
896130461
448258262
854329391
181904579
374022717
839923436
6539849
836017790
240395320
531225985
171487121
1778568243
1526070126
544386520
2119320081
498251176
369268057
3202772013
852471367
603186093
461927314
2920293071
286266967
350724170
519161309
2265764301
954009240
1550485194
635359079
503246094
834162853
65799396
2805662828
26454705
1406241727
1025252757
857306450
1441681040
547974804
573922746
276044777
825231126
77120472
610142221
349213149
2635619163
2491076358
1311976591
793943552
1247677498
786113736
449604571
564170954
2540325780
645102187
392846288
9792799
524555846
317039912
914994787
179867382
2205974732
459119991
564311854
57889942
707285859
965008185
719180672
1014745806
1938424248
343934514
1507341971
42528277
2127275269
1036342306
807612645
35600656
422051681
35985849
249545233
344949398
3316975731
528683785
862219074
