3316048364
1317873264
2375782206
250515637
187140942
1074822308
971723500
1510311581
253164114
83294327
330686223
354286327
547467259
526516595
2840953508
564025009
1226676
439887545
1503651187
1075620036
446249307
381271703
346524185
616973181
1498290440
443070945
8411470
455794837
376923009
772386936
920147841
1620114460
22251433
2312351217
429521469
530184044
869842467
1397489573
517953172
976795095
853367524
894427590
2371176961
82519132
1169454997
494432062
404762201
918676772
75441874
1031683849
496885086
158427675
1141006127
3497539311
517573303
454957307
511827794
46027459
546553509
1058630559
83240119
79546596
29158830
240628424
2670027582
1072730511
501228835
404897985
921230492
312618756
654303041
1048907240
1135291404
258767192
534160201
